71939: 2, 3, 4, 4, 4, 5, 5, 4, 3
53333: 5, 2, 4, 5, 5, 3, 2, 2, 4
56957: 3, 2, 5, 5, 2, 5, 5, 2, 5
6887: 5, 5, 3, 3, 4, 4, 3, 4, 3, 4
94530: 3
24843: 
69889: 5, 3, 2
53870: 5, 5, 2, 3
10171: 2, 2, 4, 2, 4, 5
82824: 4, 5, 5, 2, 2, 2, 4
96863: 5, 4, 3, 4, 4, 3, 2, 5, 2
44905: 3
82912: 3, 5, 4, 3, 2, 4, 5, 5, 3
10407: 4, 3, 4, 4
64412: 5, 3, 4
51700: 5, 5, 2, 2, 4, 4, 4, 3
80523: 4, 5, 4, 3
41892: 3, 5, 5, 4
41736: 5, 5, 4, 5, 2
76322: 4, 4, 5, 2
36230: 5, 3, 4, 2, 2, 2
39317: 2, 4, 4, 4, 2, 3, 4, 5, 5
89723: 3, 2, 3, 4, 2, 4, 2, 2, 3
56240: 3, 3, 5, 3, 4, 5, 3, 3
11639: 
10890: 4, 5
91446: 4, 5, 3, 2, 4, 3, 2, 3, 4, 2
58288: 
54979: 3
56775: 2, 3, 3, 2
11832: 2, 4, 3, 3, 3, 3
2328: 
64322: 
60275: 5, 2, 3, 4, 4, 5, 4, 5, 2, 4
11063: 5, 2, 4, 4, 5, 4, 2
51954: 2, 2, 3
2237: 3, 3, 5, 3, 4, 3, 3
84729: 3, 3, 2, 3, 4
26433: 3, 3, 5
4056: 5, 3, 4, 5, 4, 5, 3, 2, 5, 3
2763: 5, 2, 2, 2
98215: 2, 4, 3, 2, 4, 3, 5, 4, 3, 2
96943: 
36089: 3, 2, 3
40239: 3, 3, 2, 2, 5, 4, 2, 4
20779: 3, 4, 5, 3, 5
48256: 2, 3, 3, 3
57468: 5, 3, 3, 5, 3, 5
40890: 3, 5, 5, 3, 3
8862: 2, 4, 5, 3, 2, 3, 5, 3
7183: 3, 5, 4, 5, 3, 3, 5, 3, 5
18762: 2, 2, 2, 3, 2, 3, 4, 3
82629: 5, 2, 5
4760: 3, 4, 3, 5, 2, 3, 3, 3
26772: 4, 5, 5, 2, 5, 2, 5, 4
62402: 4, 5, 3, 3, 3, 3, 3, 3, 2
84928: 4, 2, 3, 5, 2, 3, 4, 2, 3, 4
85198: 4, 2, 2, 3, 5, 2, 4, 5, 5
54154: 3, 2, 3, 3, 3, 5, 5, 5, 2, 2
70981: 5, 2, 5, 3, 5, 2, 2, 3
47177: 4, 2, 4, 2, 5
92512: 5, 3, 3, 3, 2, 5, 4, 2, 4
9980: 3, 3, 4
91685: 4, 5, 5, 2, 5, 4, 4, 4, 5
79558: 5, 2, 3, 3, 2, 5, 4, 5, 5
33751: 4, 2
46021: 
78117: 4, 4, 5, 5
78325: 4, 4
38024: 2, 4, 4, 2, 5, 5
17577: 2
27396: 5
4018: 5, 2, 3, 5
88853: 5, 2, 3, 3, 3
34041: 3, 2
58871: 5, 2, 3, 5, 5, 3
77670: 5, 4
14647: 5, 5, 5, 3
51381: 2, 5, 3, 5, 4, 2, 5, 2
90849: 4, 3, 3
68518: 
55561: 4, 4, 3, 5
84351: 4, 4, 5, 4, 3, 5
18719: 5, 4, 5, 2, 5, 2, 2, 4
95177: 4, 5, 3, 3, 2, 4, 4
49962: 
31012: 3, 3, 2
54038: 4, 3
89106: 
72832: 3, 3, 4, 4
29016: 2, 4, 2, 3
14093: 3, 4
51751: 4, 3, 4, 5, 3, 3, 5
81560: 4, 2, 3, 2, 3, 2, 5
99087: 5, 5
76139: 3
9690: 3
41099: 2, 2
9729: 4, 4, 3, 4, 5, 4
18884: 4, 2, 5, 3, 5, 3, 5, 4
14347: 2, 3, 3, 5
77050: 4, 5
96586: 
23609: 5, 4, 3, 2, 5, 5, 2
86900: 5, 5, 5, 4, 5
57584: 3, 3, 2, 5, 2, 4, 5, 2
35095: 3, 3, 4, 5, 4, 5, 3, 3
27375: 3, 5, 2, 2, 2, 3, 3, 4, 3
72143: 3, 3, 3
75240: 3, 2, 5, 4, 2, 5
53010: 4
3034: 
63217: 5, 5, 4, 4, 5, 4, 5, 3, 5
52251: 4, 4, 3, 4
59769: 
86333: 
9993: 3
4154: 
25100: 3, 3, 4
13411: 3, 2, 4, 2, 5, 3, 2, 3
31532: 4, 3, 2, 4, 5
52599: 
11492: 5, 5, 5, 2, 4, 4, 4, 5, 3, 2
96968: 5, 2, 5, 2, 3, 5, 2, 4
87682: 4, 4, 4, 5
62301: 2, 5, 3, 4, 4, 5
79098: 2, 2, 3, 3, 3, 5, 2, 5
97482: 4, 5
83897: 4, 4, 4, 5, 2, 3, 3, 4, 2
45293: 5, 2, 3
16161: 3, 2, 2, 2, 2, 4, 4, 4
75178: 5, 2, 4, 3, 3, 2, 5
12526: 4, 3, 2, 4, 2, 5, 4
60693: 4, 3, 2, 2
3324: 3, 3, 2, 4, 4, 2, 2
81897: 5
26135: 3, 5, 3
74437: 
54004: 
47453: 2, 2, 4, 2, 3
72277: 5, 3, 5
68584: 3, 2, 3, 3, 3, 2, 5
28908: 4, 3, 3, 5, 5, 2, 3, 3
93748: 2, 3, 2, 4, 2, 3, 3, 2
54340: 4
81949: 2, 3, 2, 4, 2, 4, 4, 4, 4
44730: 4, 3, 4, 5, 2, 2
59447: 2, 4, 4, 5, 3, 5, 3, 4, 5
89235: 4, 3, 2, 5, 5
38421: 3, 2, 5
63564: 2, 3, 3, 5, 4
60401: 2
37768: 3, 3, 3, 2, 5, 4, 3
9662: 4, 3, 4, 4, 4
26139: 2, 5
64129: 2, 5, 3, 3, 4, 3, 4
53599: 5, 5, 2
66218: 2, 3
96666: 3, 3, 2, 2, 4
68211: 3
91800: 2, 4, 3, 5, 2, 2, 4, 5, 3
21768: 2, 3, 3, 2, 4, 2, 3, 3
6981: 5, 3, 4, 5, 4, 2
90652: 5, 5
75534: 5, 4, 4, 4, 3, 2, 4, 4, 2, 4
61301: 4, 5, 4, 3, 3
80209: 4, 4, 2, 2, 3, 3, 3, 5, 5
29986: 2, 4, 2
22531: 5, 2, 5, 2
4873: 5, 2, 2, 5, 4, 5, 4, 3, 2, 4
97467: 5, 2
44051: 4, 5, 4, 5, 3, 3, 5
15911: 3, 3, 3, 3, 2, 4
80048: 3, 5, 5, 3, 3, 2, 2, 3, 3
67420: 3, 5, 5, 5, 5, 4
25428: 
74377: 4, 4, 2, 3, 4, 3, 2
97057: 2
26806: 3, 4, 2, 4, 2, 5, 2
42310: 4, 3, 4, 5, 2, 4, 5, 3, 2
4272: 4, 5, 4
42067: 5, 2, 5, 5, 3, 3, 3
73075: 4, 2, 5, 3
98514: 3, 5, 2, 5, 3, 5, 4, 4
95089: 4, 2, 4, 2, 4, 4, 2, 2
46864: 2, 5, 5, 5, 3, 5, 5, 2, 3, 5
23169: 
84979: 3, 3
18550: 4, 4, 3
35965: 3, 3
68332: 5, 4, 3, 5, 5, 4, 5
66724: 3
84581: 2, 2, 2, 4, 4, 2, 3
71015: 2, 3, 4, 4, 4, 4
35822: 3, 5, 3, 5
11162: 5, 2, 5, 3, 3, 2, 5
99320: 5, 5, 4, 5, 2
83707: 4
70277: 3
91484: 2, 4, 3, 3, 2, 3, 3, 5
17990: 
96790: 4, 3, 2
58144: 5, 3, 2, 4, 4, 5
49077: 4, 4, 5, 4
55624: 5
17159: 2, 3, 3, 4, 2, 5, 3, 2, 2, 2
84417: 3, 2, 3, 5, 5, 5, 5, 4
32941: 5
60021: 3, 5, 3, 5, 3, 4
92904: 3, 2
66387: 5
80147: 4, 4, 3, 4, 4, 4, 3, 3, 5, 2
92408: 2, 5, 3, 2, 4, 3, 2
82769: 4, 3, 3
5139: 5, 5, 5, 2, 3, 5
40968: 5, 5, 5, 2, 5, 2, 5, 4, 5, 5
5288: 3, 3, 5, 3, 5, 2, 2
36815: 
86506: 2, 5, 4, 2, 4
96714: 5, 3, 3, 2, 2, 4
44375: 4, 3, 5, 2, 4, 2
48072: 
22912: 3, 5, 5, 3
4671: 2, 4, 2, 4, 4, 3
45794: 3
52486: 2
16706: 3, 3, 5
78683: 
18359: 4, 3, 4, 4, 4, 5, 5, 2, 2
24529: 4, 2, 4, 4, 5
66991: 4
86059: 3, 4, 5, 4, 2, 4, 4, 5, 5, 4
3695: 4, 5, 2, 5, 5, 5
44497: 4, 5, 4, 4, 5, 2, 5
43776: 2, 2, 5, 3, 4, 5, 4, 2
87662: 5, 2, 3, 3, 5, 3, 4, 2, 2, 3
85085: 5, 3, 2, 4, 5, 4, 2
70994: 5, 3
72519: 2, 4
72126: 4, 5, 4, 3, 4, 2, 4, 5, 2
85282: 3, 5, 3, 2, 2, 5
6840: 2, 2, 5, 3, 3, 2
60986: 3, 4, 4, 4
93979: 
59132: 4, 5, 3
9945: 2, 5, 5, 2, 4, 2, 3
73708: 3, 2, 2
1249: 5, 4, 3, 5, 2, 4, 3, 3
9724: 3, 2, 4, 2
85523: 3, 4, 4, 3, 3, 3, 3, 2, 2, 2
4385: 2, 3, 2, 4, 5, 3, 5
73874: 2, 4, 4, 4
43385: 2, 5, 5, 5, 3, 5, 2, 5, 4
78928: 3, 2, 4, 3, 2
25538: 3
58341: 
97294: 5, 5, 5, 3, 5, 3, 2
80705: 3, 2, 2, 3, 4, 5, 5, 3
28140: 2, 2, 3
73624: 3, 5, 3, 5, 4, 5, 2
72599: 5, 3, 4, 2, 5, 3, 5
36111: 5, 5, 3, 5, 2, 4
82304: 2
87079: 4, 5
93644: 4, 4, 3, 4, 2, 3, 2, 5, 5
43369: 4, 5, 4, 5, 5, 3, 3, 3, 5, 5
38064: 4, 5, 4, 2, 4, 5
77850: 4, 3, 3, 2, 5
35802: 2
25599: 5, 3, 3
21153: 4, 5, 5, 4, 2, 2, 2, 2, 5
8323: 5, 2, 5
3348: 4, 5, 2, 3, 5, 2, 3, 3
99365: 2, 2, 4, 4, 4, 2
74700: 2, 2, 3, 5, 5, 2, 5, 3, 5, 3
3179: 2, 3, 3, 2
75468: 
22068: 2, 4, 4, 5, 4, 5, 2
74596: 
92200: 2, 5, 5, 3, 4, 2
78024: 5, 2, 3, 5
1340: 5, 3, 4, 4, 3, 3, 5
53277: 5, 2, 3, 3
24917: 4, 5, 3, 4, 3, 4, 5, 5
82052: 3, 4, 5
27588: 3, 3, 4, 2
95310: 4, 5, 3, 2, 3, 3, 2, 2, 2
15417: 5, 3, 2
47717: 5, 4, 3, 2, 2, 4, 4, 3, 5, 2
40869: 2, 5, 5, 2
59890: 5, 2, 5, 4, 2, 2, 2
98266: 5, 5, 5, 5, 2, 4, 5, 2, 5, 5
68301: 5
50486: 5, 4, 5, 4, 4, 2, 5, 5, 3
39032: 4, 2
58630: 3, 4, 3, 4, 5, 4, 3
42398: 4, 5, 4, 4
32109: 5
30378: 
69643: 2, 3, 5, 5, 2, 3, 4, 4
67820: 4
11417: 
18458: 3, 5, 2
48586: 5, 4, 4, 5, 2, 3, 4, 2, 4
30877: 5, 3, 4, 5
7984: 
95792: 4, 5, 3
57046: 4, 3, 2, 2, 4, 2, 2, 3, 4, 3
97122: 
56888: 2, 5, 2, 4, 4, 2
43404: 2
79588: 3, 3, 4, 3, 5, 5, 3, 5
6041: 2, 3, 2, 5, 5, 2, 4, 5, 4, 4
60408: 3, 4
85487: 5, 2
5966: 5
10808: 5, 5, 4, 4, 5, 2, 3
16111: 5, 4
38189: 2, 5, 2
64313: 5, 4, 5, 4, 5, 2
70120: 3, 2, 2, 3, 5, 2, 5, 5, 2, 4
68032: 2, 3, 3, 2
34567: 2, 5, 2, 4, 3, 3
63150: 3, 3, 5, 3, 5, 2, 3, 4
14078: 
32793: 2, 2
7328: 2, 2, 5, 5, 2, 4
86950: 3, 2, 4
50744: 4
42670: 3
40989: 5
21968: 3, 4, 3, 2, 5, 2, 5
74270: 4, 5, 3, 4
85268: 4, 2, 5, 3, 5, 2, 4, 5
41171: 3, 4, 3, 2, 2, 3
81027: 5, 2, 5, 5, 3
96377: 2, 5, 3, 3
3722: 5, 2, 3, 2, 5, 4, 3
90595: 
75392: 2, 5, 2
89402: 5, 5, 2, 2, 4, 3, 4, 2
57352: 2, 3, 3, 5, 2, 4, 4
9083: 
33000: 2
32462: 5, 5
84031: 4, 3, 4, 2, 5, 5
63355: 5, 5, 5, 5, 3
39203: 2, 2, 4, 4
92791: 2, 2, 4, 2
11448: 2, 4, 3, 4, 2, 5, 3, 5
70833: 4, 4
24142: 
99288: 5, 3, 4, 2, 2, 2
24713: 5, 4, 4, 5, 3, 4, 2, 3
81531: 3, 3
6713: 2, 3, 5, 4, 2, 5
81018: 4
64501: 4
40709: 4, 2
44461: 2, 3, 4, 4, 4, 2, 5, 3, 4, 3
78877: 3
5916: 4, 5, 5, 2, 2, 2, 5
81675: 2, 3, 3, 2, 2, 2, 4, 5, 4
17425: 4, 5, 4, 2, 2, 4, 2, 3, 4, 3
53033: 2, 3, 3, 3, 3, 4, 4
36690: 4, 3
72879: 5, 3, 5, 3, 4, 4, 2
79509: 2, 3, 5, 4, 5, 3, 5, 5, 2, 3
20458: 5, 3, 5, 3, 4, 5, 2, 3, 2
89628: 4, 2, 2, 2, 3
80819: 5
44058: 4, 4, 2, 4, 2, 5, 4, 2, 4, 2
6272: 3, 2, 2, 4
83713: 5, 4, 2, 5, 4
10394: 5, 4, 5, 4, 5, 5, 2, 4
70231: 3, 3, 3, 2, 3, 5, 2, 5
91769: 5, 5, 4, 2
38133: 4, 4, 4
80496: 2, 2
48395: 3, 3, 5, 5, 3, 3, 5, 3, 3
34018: 5, 2, 4
27820: 4, 5, 4, 4, 5, 2
12275: 5
79123: 3, 3, 2, 5, 4, 2, 5, 2, 2, 4
66990: 3, 5, 5
22003: 5, 5, 5, 4, 5, 2, 2
41987: 5, 5, 2, 3
15009: 2, 4, 4, 2, 4, 4, 5, 4, 2
59137: 5, 3, 2, 4, 3
62463: 4, 4, 4, 5, 2, 4
92119: 2, 2, 2, 3, 3, 3, 5, 4, 2
7504: 4, 2, 5
52962: 2, 2, 5, 3, 3, 2, 3, 3
38636: 3, 3, 4, 4, 2, 2, 5, 3, 5
43508: 2, 2, 5, 4, 3, 4, 5, 5, 3
10331: 3, 2, 3, 2, 4, 3, 5
70134: 4, 3, 2, 5, 2
18782: 3
4185: 2, 5, 4, 4, 4
18101: 3, 2, 2, 5, 4, 2, 5, 5, 3
91074: 2, 3, 3, 2, 4
77514: 4, 4, 5, 3
88426: 4, 5, 3, 5, 4, 2, 3
85603: 3, 3, 3, 2, 4, 5, 3
3225: 4, 4, 5, 2, 5, 4, 2, 4, 3
43487: 4, 2, 5, 4, 4
39127: 2, 3
75974: 3, 3, 3
22610: 4, 4, 4
55817: 4, 2
93883: 3, 2
23552: 2, 4, 3, 3, 4, 4, 3, 5
81451: 3, 3, 5, 2, 2, 3, 5, 2, 3, 3
81152: 2
13363: 5, 5, 2, 3, 4, 5, 5, 3, 3, 4
27423: 5, 4, 5, 4, 3, 3, 4, 4, 4
12263: 5, 3, 2, 2
41315: 2
41519: 3, 4, 3, 4
86867: 4, 5, 5, 2, 3, 5, 5, 2
83885: 3, 2, 5
30662: 
36875: 
44399: 2, 3, 5, 5, 3, 4, 4, 3, 2, 3
31598: 5, 4, 4, 3, 4, 5, 5, 4
74856: 2, 2, 2
41566: 3
19743: 2, 5, 2, 2, 2
69777: 3, 3
76406: 5, 3, 5, 2, 4, 4, 5, 5, 4, 2
79819: 5, 2, 5, 4, 4
37107: 
46474: 3, 5, 3
84111: 5, 5, 4, 3, 5, 5, 4, 4, 2, 5
15430: 2, 2, 2
81242: 5, 5, 2, 5, 4, 3, 5, 2
32019: 2, 2
10026: 4
56295: 2, 3, 4, 5, 5, 5, 3, 5, 3
19860: 3, 5, 5, 4, 4, 4, 4
67459: 5, 2
54344: 3, 4, 3
95001: 5, 2, 3, 2, 2, 4, 2
22557: 2, 3, 2, 5, 4, 5, 4
80913: 3, 4, 4, 2, 4, 5, 4, 2, 3
51671: 5, 4, 3, 3, 2, 4, 2
3115: 4, 3, 5, 2, 2, 3, 3, 4
51786: 
55317: 4, 3, 2, 5, 5, 2, 3, 5, 4
2254: 5
91093: 2, 2, 2
6655: 3, 5, 5, 4
60703: 2, 4, 2, 4, 5, 5
26665: 2, 5, 5, 4, 2, 4, 5, 5, 5, 2
61172: 5, 2, 3, 2, 3, 2, 5, 3
11066: 4, 4, 5, 2
27171: 2, 4, 4, 2
3671: 5, 3, 4, 3
57201: 2, 2
19269: 4, 4, 3, 5, 3, 4, 2, 3, 4, 4
45349: 5, 4, 4, 2, 3, 3, 4, 3
93796: 
38569: 4, 3, 5
89261: 2, 2, 5, 3, 2
80237: 3, 4, 3
96638: 3, 3, 3, 3, 3, 2, 3
17418: 5, 5, 5, 3
68337: 4, 5, 4
91998: 2, 5, 2, 3
30268: 4, 4, 5, 3, 3, 4, 5, 5, 3
78541: 4
72795: 
38100: 5, 2, 4, 3, 2, 4, 4, 2
22342: 5, 2, 5, 4, 5, 5, 5, 4, 4
92209: 3, 4, 3, 4, 2, 3
14195: 2, 5
62207: 3, 4, 3, 2, 4, 5, 5, 3
40415: 4
36440: 2, 3, 3, 3
14181: 3
35655: 
53739: 4, 3, 2, 4
96732: 3, 3, 5, 5, 3, 3, 3, 4, 5, 4
69207: 
47947: 3, 3, 4, 4
46530: 3
51378: 3, 2, 4, 3, 5, 3, 2, 2, 2, 5
21251: 3, 5, 2, 3, 4, 3, 4
3195: 5, 4
62022: 5, 2, 2, 5, 4, 5
58259: 4, 4, 2, 4, 4, 3, 4, 4, 2, 3
86024: 3, 5, 4, 3, 2, 5, 5, 3
88202: 5, 4, 4, 3
27735: 5
94410: 5, 5, 2, 4, 5
77088: 3, 4, 4
29107: 4, 3, 5, 2, 2, 5
53210: 5, 2, 3
70627: 3, 4, 2, 5, 2, 4, 3, 2, 5
89597: 2, 5, 2, 3, 5
57856: 
46237: 2
18839: 4, 5, 2, 2
70028: 2
73700: 4, 3, 5, 2, 3
98520: 5, 4, 4, 3, 2
94411: 3, 5, 2, 2, 4, 3, 5, 4
57348: 3, 2, 4
27682: 5, 5, 4, 2, 4, 4, 2, 2
95406: 5, 2
56720: 3, 2, 5, 2, 3, 2, 5, 3, 2, 2
2319: 4, 2, 4, 5
77248: 3, 2, 2, 5, 5, 5, 2, 5, 4, 2
66013: 4, 4, 3, 4, 2, 3, 2, 2, 5
24706: 3, 4, 4, 5
70437: 4, 5, 3, 4
42010: 5, 4, 2
13512: 2, 2, 5, 5, 3, 4, 3, 3
51107: 5, 4, 4, 5, 5, 2, 4, 4
31246: 3, 4
83719: 4, 5, 5
20759: 5, 2, 2, 2, 4, 5, 2, 4, 2
67850: 3, 2, 4, 2, 2, 5, 3, 4, 5
53054: 4, 2, 4, 2, 5
58609: 3, 5, 4, 2, 4
8087: 4, 3, 4, 2, 2, 5, 4, 2
47310: 3, 3
75307: 5, 3, 2, 3, 2, 2, 2, 2
2495: 2, 5, 4, 3, 4, 2
26874: 4, 5, 3, 4, 3, 2, 5
40384: 5, 3
82045: 4, 5, 2, 5, 5, 2, 2, 5
74403: 3, 2
78310: 4, 4, 3, 5, 3
93187: 3
3373: 4, 2, 2, 3, 4
93102: 4, 2, 4, 2, 2, 5, 4, 5, 3
30737: 3, 2, 3, 4, 2, 3, 4, 4, 3
89638: 3, 4, 2, 2, 3, 2, 3, 4, 4, 3
24012: 3, 4, 3, 5, 5
81092: 2, 3, 2, 5, 2
92685: 3, 2, 4, 3, 2, 5, 3, 2
97718: 4, 4, 4, 3, 5, 4, 5, 4, 4
50728: 5, 2, 2, 2, 4
71725: 5, 4, 5
97631: 5, 5, 5
68176: 3, 3, 5
77097: 3, 5, 4
38002: 4, 3, 3
65090: 3, 4, 2, 3, 5, 3
42890: 5, 2, 4, 5, 5, 2
99951: 3, 4, 4, 3, 4, 5
63420: 5, 2
19888: 5, 2, 4, 5, 3, 4
77994: 2
78154: 4, 4, 2, 3, 5, 3, 4, 2
3822: 2, 3, 4
25744: 4
39172: 3, 5, 4, 4, 5, 4
49520: 2, 2, 4
18634: 5, 4, 5, 2, 5, 3, 5, 4, 4, 3
3846: 4, 5
67976: 4, 3, 3, 5, 3
89057: 4, 5, 5, 5, 4, 2, 5
50588: 4, 2
38057: 5, 4, 2
32274: 2, 2, 4, 3, 5, 4, 4, 3, 4, 3
17057: 4, 5, 4
13740: 4, 3, 3, 4, 3, 4, 3, 2, 5, 5
63433: 4, 2, 5, 5
97673: 3, 3
21890: 4, 3, 4, 5, 4, 5, 4
29051: 5, 2
55309: 
53791: 2, 5, 3, 2, 2, 2, 4
9921: 5, 5, 4, 4, 4, 5, 3, 5, 4, 5
46883: 5, 5, 2, 4
40939: 3, 5, 5, 4, 3, 3, 3, 4, 2
92961: 5, 5, 3, 5, 3, 4, 4, 2, 3, 3
11811: 3, 3, 5, 4
39775: 3, 5
24011: 4, 5
58367: 3, 2, 4, 2, 3, 5, 2, 3, 2
91487: 3, 2, 4, 5, 4, 2
33370: 
46541: 
6782: 2, 5, 4, 4
35724: 5, 4, 5, 3, 5, 2, 3
26662: 2, 2, 4, 5
17827: 4, 3, 4, 2, 3, 2, 4
73324: 3, 3, 4, 4, 5
3014: 
65685: 3, 4, 3, 4, 2, 4, 3
28273: 
27851: 3, 2, 2, 3, 2, 4, 2, 4, 3, 4
11489: 4, 2
62820: 3, 2, 5, 4
1535: 3, 4, 4, 5, 2, 2, 4
63023: 2
61050: 2, 4, 2, 5, 3, 5, 2, 5
86590: 
95429: 3, 3, 3, 3, 4, 4, 3, 3
94955: 2, 2, 3, 3, 5, 5, 5, 4, 3, 4
91910: 
94618: 
43409: 
34238: 3, 3, 4, 4
79927: 5, 4, 2, 5, 4, 5, 5, 4, 3
37641: 5, 4, 4, 4, 2, 4, 3
31863: 3, 5, 3
87646: 4, 5, 2, 2, 3, 2, 5, 4, 5
47479: 5, 2
76244: 
65228: 2, 5, 4, 5, 5, 3, 4, 5
78395: 5, 5, 5, 3, 5, 4, 2, 2
49150: 2, 2, 4
97342: 3, 3, 2, 3, 2, 3
99228: 2, 2, 4, 5, 4, 4
36038: 2, 3, 5, 2
17866: 3, 4, 4, 2, 5, 2, 3
95508: 2, 3, 3, 4, 4, 4, 3, 4
59688: 2, 4, 2, 3, 4, 3, 5, 5, 5, 4
47029: 4, 3
6544: 5
52769: 
86940: 5, 4
40694: 4
32268: 3, 4, 4, 4, 5, 3
90395: 4, 5, 4, 5, 5
46577: 2, 3, 3
40208: 
65947: 2, 2, 5, 3, 5, 4
83131: 5
76561: 2
40598: 5
7603: 5, 3, 5, 3, 5
41999: 4, 2, 3, 5
66132: 5, 4, 3, 3, 5, 4, 5
32278: 2, 4, 2, 5, 4, 4
42009: 4, 2
58287: 2, 5, 5, 2, 3
67400: 4, 5
70662: 4, 4, 4
3801: 2
29715: 4, 3, 3
67773: 3, 3
11793: 2, 3, 4, 5
45892: 5, 3, 4, 3
41567: 3, 4, 2, 4, 4, 2
42894: 2, 4, 5, 2, 5, 5
91900: 2, 5
16558: 3, 4, 4, 2, 3, 2, 2
30905: 2, 4, 3, 5, 3
31479: 
18588: 5
70335: 3, 2, 2, 2, 2, 5, 3, 2, 4
10597: 2, 4, 3, 2, 2, 2
40797: 5, 4, 3, 3, 3
28369: 4, 5, 5, 5, 4, 2, 5
36620: 4, 5, 2, 5, 3, 5, 5
46116: 4, 2, 4, 5, 5, 3, 2
11363: 4, 4, 3, 4, 5, 5, 3, 3, 2
13637: 2, 3, 3
23684: 4, 5, 2, 3, 4, 4, 3, 2, 5, 5
97095: 3, 3, 4, 2, 3, 4, 3
92867: 2, 3, 5, 5, 4
50193: 5, 5, 5, 2
51630: 4, 5, 2, 2, 2, 2
13904: 2, 2, 5, 2, 5
32042: 2, 5, 4, 3, 2, 5, 3, 5, 3, 4
96259: 5, 2, 3, 5, 2, 5, 2
74113: 3, 4, 2
43492: 
6401: 5, 2, 3, 2, 4, 3, 4
92533: 3, 5, 4, 2, 2, 4, 4, 5, 3, 4
99512: 3, 3
55089: 
27285: 3, 3, 3, 4
87707: 5, 2, 5, 2, 4
21873: 3, 4, 3, 4, 4
76744: 4, 5
27188: 2, 2, 3, 4, 5, 2, 2, 5, 3, 3
72683: 2, 5, 3, 4, 4, 2, 2
57413: 4, 3, 5, 3, 5, 4, 5, 3, 3, 5
63014: 5, 2, 3, 2, 2
45595: 2, 2, 5, 5
89816: 5
70908: 4, 5, 2, 5, 2, 2
49304: 5, 4, 4
61139: 3, 5, 5
87396: 4, 2, 2, 4, 3, 5, 4, 3
49740: 4
82128: 2
22695: 5, 2, 2, 4, 4
38795: 2, 4
80744: 5, 2, 5
9830: 3, 3, 3, 5, 4, 2
99568: 4, 5, 2, 5, 4, 3
99065: 5
65036: 4
89210: 2, 4, 4, 5, 2, 5, 3, 5, 3
41886: 3
55953: 
41654: 5, 3, 3, 4, 4, 4
73858: 5, 3, 2, 5, 3
7721: 5, 2, 3, 2, 4, 3, 4
70368: 3, 5, 5
60849: 4, 2, 3, 2, 4, 2, 4
21235: 4, 4, 4, 2
28258: 2, 3, 3, 5, 5, 3, 2, 5
64535: 2
62211: 3, 2, 4, 5, 3, 3
91959: 
54143: 4, 3, 5, 4, 4, 5, 4
54236: 5, 2, 3, 5
4824: 2, 4, 2, 5, 5, 3, 2
7210: 4, 2, 2, 5, 3, 2
56502: 3, 5, 5, 2, 4, 3, 2
28042: 2
86252: 2, 2, 3
15530: 
13980: 5, 3
83554: 2, 3, 2, 5, 5
42461: 4, 4, 5, 2, 3, 4, 5, 4, 2
4893: 2, 4, 2, 3, 5, 3, 5
4145: 2, 5, 5, 3, 3, 5
9288: 3, 3, 2, 2, 4, 4
43346: 2
97621: 3, 3, 3, 3, 5, 4, 4, 3, 5
20387: 2, 4
37873: 2
11287: 
56087: 5, 4, 4, 4, 2
54904: 
86669: 2, 5, 2, 5
28738: 2, 4, 3, 4, 4, 4, 3, 2, 2
37978: 3
48071: 5, 2, 5, 5, 4
36088: 2, 5, 2, 5, 2
7171: 5, 3, 4, 5, 2, 2, 2, 5, 3
82791: 3, 3, 2, 4
29592: 3, 2, 2, 2, 5, 4, 4
4077: 4, 3, 4, 3, 5, 4, 5
41230: 3, 5
60262: 2, 5, 3, 4, 2, 3, 2, 5
52892: 5, 4, 3, 2, 5, 5, 2
9240: 4, 5, 3, 4, 3, 5, 4, 4
73952: 5, 2
26339: 5, 3, 4, 3, 4
62865: 2, 3, 2, 5, 2, 2, 4, 3, 2
72581: 3, 3, 2, 5
50365: 3, 4, 2, 2, 3
97600: 2, 4, 4, 2, 5, 4, 5, 3, 4
37896: 2, 3, 5, 4, 2
39005: 4, 2, 2, 3, 4
65476: 4, 4, 3, 5, 2, 3, 4
32457: 2
60211: 3, 4
52906: 2, 2, 5, 4, 5, 4
58438: 
6495: 4, 4, 3
90324: 5, 2, 4, 2, 4, 2, 4
74132: 3, 3
58132: 3, 2, 2, 4, 2, 5, 5
63036: 4
31838: 4, 3, 3, 5, 3, 3
15395: 2
39721: 4, 5, 2
83649: 5, 5, 5, 5
45677: 4, 2, 5, 3, 2
88461: 2, 3, 5, 2, 2, 4, 5
10831: 
8635: 4, 4
93331: 3, 5, 5, 3, 3, 4, 5, 3, 5
79392: 5, 3, 2, 5, 2
35705: 4, 2, 2, 3, 4, 4, 2
58923: 4, 5, 2, 2, 2
14980: 2
30349: 4, 2, 2, 5, 2, 4, 4, 4
52075: 
38067: 4, 2, 3, 4, 4, 5
18109: 3, 3, 2, 3, 4
95557: 4, 4, 4, 2, 2, 3, 5, 3
1300: 5, 2, 2, 5, 2, 2
35542: 3
97494: 5, 5, 5, 4, 3
45919: 2, 5, 2, 5, 3, 2, 4
56079: 4, 5, 5, 2, 3, 2, 3, 5, 5, 3
91995: 4, 5, 4, 5, 3, 4, 4, 4, 3
63568: 4, 3, 5, 3, 4, 4
12479: 4, 2, 3, 2, 3
44238: 4, 3, 5, 3, 3, 4
79304: 3, 2, 4
88892: 5, 5, 5, 4, 2, 3, 2, 3
59386: 
87728: 4, 4, 3, 5
52261: 2, 3, 2, 4, 4, 4
30306: 4, 2, 4, 2, 4, 2, 5
1325: 2, 4, 3, 2, 3, 4
8836: 3, 3, 4, 5, 5
81063: 5
24506: 5, 2, 2, 2, 2
73419: 4, 2, 5, 3, 3, 4
81170: 2
74036: 4
64061: 2, 2, 3, 4, 3
79471: 4
32183: 5, 5, 5
40121: 
96888: 5, 3, 4, 4, 4, 4, 3
64439: 2, 4, 5, 3, 4, 2
94951: 2, 2, 3, 3, 3, 5, 2, 3, 3
61965: 4, 4, 5, 5, 5, 5, 2, 5, 5
93550: 3, 2, 2
7347: 2, 4, 4, 2, 3
24022: 
25908: 3, 4, 3, 2, 5, 3, 5, 3, 2, 2
80397: 4, 5, 3, 4, 4
96343: 2, 5, 5, 2
86072: 3, 4, 4, 3, 4
39208: 4, 3, 2, 2, 3, 3, 5, 4
17642: 4, 3, 4, 2, 2, 5, 3
52627: 
25171: 3, 3, 2, 2, 3, 2, 5
58718: 5, 2, 2, 5, 5, 4, 5, 3, 3
33202: 5, 3
94956: 2, 4, 4, 4, 2, 4, 3, 5, 4
77417: 5, 4
90698: 5, 5, 4, 5
60270: 
60710: 
95641: 3, 5, 2, 2, 3, 2, 3, 2
27446: 
42912: 2, 5, 2, 4, 5, 4, 4, 3, 4, 3
25953: 2, 2, 3, 5, 3, 2, 5, 2, 4
91105: 4, 3, 2, 5, 3, 4
22981: 3, 4, 3, 5, 4, 5, 2, 5
80803: 3, 4, 3, 4, 4, 3, 2, 3, 2
23988: 4, 3, 5
37129: 5
87718: 5, 2, 3, 5, 2, 3
70728: 
39937: 2, 2, 3, 4, 3, 2, 3, 2, 2, 2
50021: 4, 3, 2, 3
92993: 
47854: 4, 5, 4
94261: 5, 4, 4, 2, 3
15941: 5, 2, 2, 3, 5, 3, 3
66237: 5, 2, 3, 2, 5, 2, 5, 4, 4, 3
36000: 4, 2, 4, 3, 3, 5, 4, 4, 5
91078: 2, 5
98512: 5, 2
4157: 2, 3, 4, 2, 4, 2, 2, 4, 4, 2
99357: 3, 4
49685: 2, 4, 5, 5, 2, 4
27165: 2, 3, 2, 3, 4, 2, 3, 5, 4, 3
34829: 5
58379: 5
82577: 
22856: 2, 4, 3
43177: 4, 5, 3, 2, 3, 5
10787: 
51233: 4, 4, 3, 4, 4, 4, 3, 5, 5
6306: 
62392: 4
2268: 2, 4, 3, 2, 3, 5, 3
75938: 3, 2, 3, 2, 5, 4
17342: 5, 4, 4
4974: 4, 3, 4, 5, 5, 2
42817: 3, 2, 5, 3, 3, 5
9586: 5, 4, 2, 3, 3, 3, 3, 4, 4
29112: 2, 5, 4
70660: 3
81313: 2, 2, 3, 2, 3
60445: 
18563: 2, 2, 3, 4, 2, 3, 3
71235: 2
55311: 5, 4, 2, 3
3603: 4
7484: 4, 3, 3, 5, 2, 3, 3, 3, 2, 4
99239: 4, 3, 4, 3, 2, 5, 2
41193: 5, 5, 3
40631: 3, 5, 5, 3, 2, 2, 3, 2, 4, 4
39640: 5
62557: 3, 4, 5, 5
1908: 4, 3, 4, 3, 4, 5, 2, 5, 2
52074: 4, 3, 4, 5
65803: 5, 4, 4, 4
49162: 4, 2, 4
85390: 4, 3, 3, 3, 2, 5
24657: 3, 5
90688: 5, 2, 3, 4, 3, 2, 5, 5, 5
32125: 2, 2, 2, 4, 3, 4, 2
41483: 4, 4, 2, 2, 3, 3, 5, 3
25832: 3, 4, 2, 3, 5, 3
47640: 3, 4, 3, 5, 4, 5, 4, 3, 5, 5
24703: 
11364: 5, 3
16027: 4, 5, 5, 5, 5, 2, 5, 2, 4, 5
94060: 2, 4, 2, 4, 4, 5
18253: 3, 3, 2
65623: 3
49139: 3, 2, 2, 3, 2, 2, 4, 5, 4, 2
85878: 5, 4, 4, 5, 2
20147: 3, 4, 2
39581: 3, 3, 4, 4, 4
34369: 5, 2, 3, 4
83965: 5
26006: 
54628: 2, 5
85902: 
49135: 
77356: 4, 5, 3, 2, 5, 3, 2
30190: 5, 3, 5, 2
78103: 2, 2, 3, 2, 3, 3, 4, 5, 2
82908: 5
68324: 2, 5
69609: 3, 4, 5, 3, 5, 2, 5, 5, 2
88085: 5, 2, 3
90971: 2, 3, 4, 2, 3, 2
62143: 2, 2, 4, 5
27838: 5, 4
5788: 2, 3, 2, 2, 4, 2, 3
97655: 2, 4, 4, 4, 5, 4
43265: 
99302: 5, 2, 5, 5
91119: 4
73795: 2, 4, 4, 5, 3, 4, 2, 4
27269: 4, 2, 3, 5, 5, 5, 3
28178: 4, 5, 2
57319: 4, 3, 3
99382: 2, 4, 4, 2, 2, 5
61503: 2, 2
90389: 2, 3, 4, 3, 2, 5
32709: 4, 5, 2, 3
48437: 5
16252: 2, 4, 3, 5
15518: 2, 2, 2, 5
34285: 3, 4, 2, 5, 4, 4, 2
57719: 4, 4, 2, 2
95412: 2, 4, 4, 5, 5, 4
93465: 2, 2, 3, 2
12311: 4, 3, 2, 5, 4
35678: 4, 5
19482: 3, 3, 2
29291: 2, 5, 4, 2
42166: 3, 5, 3, 3, 2, 2, 5, 4, 3, 4
39901: 2, 4, 5, 3, 4, 4, 5, 4, 2, 3
4309: 2, 5, 2, 4, 4
78502: 5, 5, 2
28732: 2, 2, 2, 4, 4, 3, 2, 5, 3
70209: 3
75445: 5, 3, 4, 5, 5, 4, 5, 4, 4, 2
12942: 2, 5, 5, 3, 5, 3
31003: 
73512: 5, 2, 5, 4, 5, 3, 5
10903: 2
99503: 4, 2, 3, 2, 4, 4, 2, 4, 4, 5
76770: 4, 5, 2, 5, 2
94711: 2, 2, 3, 4, 3, 2, 2, 5, 4
12071: 3, 2, 4, 2, 4, 2, 4
89216: 2, 3, 2, 5, 2
44423: 3, 3
81443: 5, 3, 4
66447: 3, 4, 4
71213: 2, 4, 5, 4, 3, 5, 3, 4
50154: 5, 2, 4
59270: 4, 2, 2, 3, 2, 3
54223: 3, 4, 2, 5, 3, 3
31680: 2, 3, 3, 5, 2, 3
33109: 5, 3, 4, 4, 4, 5, 3, 2, 5, 4
77905: 4, 2, 5, 5, 2, 2, 3
79888: 5, 4, 2, 2, 3, 5, 4, 2, 3
72807: 2, 5
15989: 4, 2, 3, 2
34194: 3, 5, 3, 4, 5, 3
49348: 3, 5, 4, 2, 5, 2, 2, 2
83499: 3, 5
24533: 4, 2, 4, 3, 5, 2, 2, 4, 3
35505: 3
85016: 3, 4, 2, 4, 5, 5
93103: 
74140: 5, 4, 2, 5, 5, 5, 3, 5
32798: 3, 3
38271: 5, 5, 3, 4, 4, 3
86770: 5, 5, 3, 3, 3, 2, 3
55323: 2, 5, 5, 3
28118: 5, 4, 3, 3, 5, 2, 5, 2, 5, 2
70397: 4, 5, 4
50024: 5, 4, 2
90491: 2, 3
97235: 5, 4, 4, 2, 2, 4, 2, 4, 2, 5
55479: 5, 3, 3, 3, 2, 3, 4
26157: 4, 5, 5, 2, 4
49900: 3, 4, 4, 4, 5, 3, 3, 2, 2, 5
74983: 3, 3, 3, 3
